#This is a triangle format ramachandran matrix type 1 for MTRAP.
# Reference: 6306631 中村卓　修論：タンパク質の立体構造と各アミノ酸のペアの起こりやすさを考慮したアライメントアルゴリズム
# A R N ...
# set all BZX as 1
A, 0,
R, 0.261, 0,
N, 0.484, 0.391, 0,
D, 0.405, 0.320, 0.244, 0,
C, 0.356, 0.260, 0.389, 0.355, 0,
Q, 0.306, 0.177, 0.377, 0.303, 0.269, 0,
E, 0.225, 0.195, 0.441, 0.350, 0.309, 0.217, 0,
G, 0.737, 0.734, 0.683, 0.699, 0.742, 0.736, 0.751, 0,
H, 0.349, 0.215, 0.330, 0.307, 0.271, 0.229, 0.280, 0.728, 0,
I, 0.486, 0.366, 0.520, 0.462, 0.400, 0.389, 0.408, 0.813, 0.404, 0,
L, 0.295, 0.216, 0.437, 0.346, 0.285, 0.209, 0.224, 0.760, 0.291, 0.367, 0,
K, 0.281, 0.160, 0.403, 0.325, 0.279, 0.166, 0.174, 0.736, 0.239, 0.368, 0.195, 0,
M, 0.311, 0.232, 0.410, 0.352, 0.282, 0.241, 0.264, 0.755, 0.272, 0.403, 0.235, 0.246, 0,
F, 0.354, 0.221, 0.364, 0.345, 0.266, 0.226, 0.289, 0.750, 0.236, 0.378, 0.240, 0.236, 0.251, 0,
P, 0.403, 0.569, 0.714, 0.625, 0.609, 0.598, 0.508, 0.815, 0.626, 0.680, 0.559, 0.578, 0.573, 0.642, 0,
S, 0.259, 0.249, 0.437, 0.363, 0.305, 0.267, 0.238, 0.719, 0.300, 0.474, 0.313, 0.270, 0.302, 0.322, 0.497, 0,
T, 0.427, 0.306, 0.442, 0.400, 0.342, 0.300, 0.355, 0.753, 0.324, 0.419, 0.330, 0.311, 0.351, 0.316, 0.636, 0.319, 0,
W, 0.307, 0.243, 0.427, 0.360, 0.315, 0.254, 0.243, 0.767, 0.288, 0.404, 0.264, 0.248, 0.287, 0.275, 0.554, 0.298, 0.364, 0,
Y, 0.357, 0.219, 0.370, 0.346, 0.274, 0.224, 0.283, 0.744, 0.226, 0.376, 0.244, 0.225, 0.259, 0.175, 0.643, 0.323, 0.308, 0.284, 0,
V, 0.482, 0.355, 0.520, 0.471, 0.388, 0.374, 0.402, 0.807, 0.390, 0.167, 0.354, 0.357, 0.389, 0.350, 0.678, 0.467, 0.385, 0.397, 0.342, 0,
B, 1.000, 1.000, 1.000, 1.000, 1.000, 1.000, 1.000, 1.000, 1.000, 1.000, 1.000, 1.000, 1.000, 1.000, 1.000, 1.000, 1.000, 1.000, 1.000, 1.000, 0,
Z, 1.000, 1.000, 1.000, 1.000, 1.000, 1.000, 1.000, 1.000, 1.000, 1.000, 1.000, 1.000, 1.000, 1.000, 1.000, 1.000, 1.000, 1.000, 1.000, 1.000, 1.000, 0,
X, 1.000, 1.000, 1.000, 1.000, 1.000, 1.000, 1.000, 1.000, 1.000, 1.000, 1.000, 1.000, 1.000, 1.000, 1.000, 1.000, 1.000, 1.000, 1.000, 1.000, 1.000, 1.000, 0,
