#This is a triangle format ramachandran matrix type 1 for MTRAP.
# Reference: 6306631 中村卓　修論：タンパク質の立体構造と各アミノ酸のペアの起こりやすさを考慮したアライメントアルゴリズム
# A R N ...
# set all BZX as 1
A, 0,
R, 0.069, 0,
N, 0.288, 0.217, 0,
D, 0.118, 0.064, 0.150, 0,
C, 0.208, 0.136, 0.259, 0.188, 0,
Q, 0.101, 0.048, 0.190, 0.085, 0.171, 0,
E, 0.069, 0.018, 0.202, 0.052, 0.159, 0.011, 0,
G, 0.157, 0.147, 0.292, 0.143, 0.245, 0.188, 0.147, 0,
H, 0.302, 0.189, 0.257, 0.233, 0.212, 0.242, 0.233, 0.293, 0,
I, 0.293, 0.247, 0.464, 0.356, 0.270, 0.287, 0.269, 0.368, 0.291, 0,
L, 0.111, 0.030, 0.200, 0.099, 0.118, 0.030, 0.028, 0.203, 0.198, 0.212, 0,
K, 0.078, 0.004, 0.214, 0.062, 0.138, 0.048, 0.022, 0.136, 0.189, 0.247, 0.039, 0,
M, 0.135, 0.077, 0.210, 0.124, 0.151, 0.073, 0.064, 0.228, 0.244, 0.284, 0.056, 0.095, 0,
F, 0.377, 0.261, 0.358, 0.337, 0.272, 0.317, 0.321, 0.373, 0.172, 0.239, 0.241, 0.268, 0.312, 0,
P, 0.815, 0.845, 0.885, 0.804, 0.914, 0.878, 0.824, 0.815, 0.922, 1.000, 0.913, 0.831, 0.895, 0.964, 0,
S, 0.233, 0.194, 0.176, 0.130, 0.261, 0.191, 0.169, 0.227, 0.278, 0.429, 0.207, 0.174, 0.212, 0.367, 0.754, 0,
T, 0.254, 0.157, 0.299, 0.240, 0.183, 0.197, 0.182, 0.299, 0.161, 0.169, 0.125, 0.152, 0.189, 0.168, 0.946, 0.289, 0,
W, 0.247, 0.172, 0.308, 0.225, 0.223, 0.229, 0.196, 0.254, 0.178, 0.250, 0.184, 0.159, 0.222, 0.187, 0.840, 0.249, 0.168, 0,
Y, 0.394, 0.281, 0.363, 0.346, 0.294, 0.338, 0.346, 0.395, 0.186, 0.278, 0.266, 0.284, 0.332, 0.070, 0.969, 0.378, 0.192, 0.213, 0,
V, 0.275, 0.216, 0.441, 0.332, 0.254, 0.264, 0.241, 0.350, 0.270, 0.000, 0.187, 0.217, 0.260, 0.228, 0.988, 0.403, 0.149, 0.230, 0.263, 0,
B, 1.000, 1.000, 1.000, 1.000, 1.000, 1.000, 1.000, 1.000, 1.000, 1.000, 1.000, 1.000, 1.000, 1.000, 1.000, 1.000, 1.000, 1.000, 1.000, 1.000, 0,
Z, 1.000, 1.000, 1.000, 1.000, 1.000, 1.000, 1.000, 1.000, 1.000, 1.000, 1.000, 1.000, 1.000, 1.000, 1.000, 1.000, 1.000, 1.000, 1.000, 1.000, 1.000, 0,
X, 1.000, 1.000, 1.000, 1.000, 1.000, 1.000, 1.000, 1.000, 1.000, 1.000, 1.000, 1.000, 1.000, 1.000, 1.000, 1.000, 1.000, 1.000, 1.000, 1.000, 1.000, 1.000, 0,
