#This is a triangle format ramachandran matrix type 1 for MTRAP.
# Reference: 6306631 中村卓　修論：タンパク質の立体構造と各アミノ酸のペアの起こりやすさを考慮したアライメントアルゴリズム
# A R N ...
# set all BZX as 1
A, 0,
R, 0.667, 0,
N, 0.838, 0.732, 0,
D, 0.629, 0.490, 0.619, 0,
C, 0.729, 0.659, 0.754, 0.545, 0,
Q, 0.704, 0.649, 0.737, 0.469, 0.675, 0,
E, 0.589, 0.697, 0.829, 0.571, 0.711, 0.721, 0,
G, 0.978, 0.908, 0.867, 0.890, 0.945, 0.882, 0.913, 0,
H, 0.765, 0.594, 0.692, 0.527, 0.715, 0.615, 0.682, 0.917, 0,
I, 0.669, 0.670, 0.812, 0.572, 0.670, 0.702, 0.739, 0.843, 0.689, 0,
L, 0.508, 0.553, 0.839, 0.543, 0.618, 0.556, 0.586, 0.843, 0.616, 0.840, 0,
K, 0.653, 0.634, 0.763, 0.508, 0.681, 0.631, 0.673, 0.889, 0.609, 0.695, 0.572, 0,
M, 0.719, 0.707, 0.746, 0.521, 0.688, 0.708, 0.744, 0.924, 0.680, 0.726, 0.564, 0.706, 0,
F, 0.824, 0.666, 0.707, 0.531, 0.739, 0.644, 0.736, 0.948, 0.685, 0.664, 0.580, 0.657, 0.707, 0,
P, 0.000, 0.281, 0.541, 0.492, 0.268, 0.325, 0.223, 0.613, 0.308, 0.354, 0.254, 0.320, 0.250, 0.330, 0,
S, 0.715, 0.593, 0.717, 0.520, 0.667, 0.576, 0.521, 1.000, 0.669, 0.602, 0.450, 0.564, 0.667, 0.768, 0.127, 0,
T, 0.750, 0.703, 0.719, 0.499, 0.711, 0.667, 0.752, 0.957, 0.640, 0.823, 0.663, 0.699, 0.791, 0.719, 0.327, 0.653, 0,
W, 0.704, 0.655, 0.754, 0.538, 0.715, 0.656, 0.652, 0.957, 0.669, 0.651, 0.569, 0.671, 0.708, 0.758, 0.263, 0.641, 0.729, 0,
Y, 0.785, 0.651, 0.651, 0.465, 0.729, 0.615, 0.706, 0.927, 0.609, 0.629, 0.543, 0.613, 0.702, 0.664, 0.319, 0.758, 0.721, 0.751, 0,
V, 0.715, 0.711, 0.796, 0.561, 0.700, 0.732, 0.774, 0.851, 0.700, 0.693, 0.784, 0.721, 0.768, 0.673, 0.347, 0.663, 0.851, 0.688, 0.645, 0,
B, 1.000, 1.000, 1.000, 1.000, 1.000, 1.000, 1.000, 1.000, 1.000, 1.000, 1.000, 1.000, 1.000, 1.000, 1.000, 1.000, 1.000, 1.000, 1.000, 1.000, 0,
Z, 1.000, 1.000, 1.000, 1.000, 1.000, 1.000, 1.000, 1.000, 1.000, 1.000, 1.000, 1.000, 1.000, 1.000, 1.000, 1.000, 1.000, 1.000, 1.000, 1.000, 1.000, 0,
X, 1.000, 1.000, 1.000, 1.000, 1.000, 1.000, 1.000, 1.000, 1.000, 1.000, 1.000, 1.000, 1.000, 1.000, 1.000, 1.000, 1.000, 1.000, 1.000, 1.000, 1.000, 1.000, 0,
