#This is a triangle format ramachandran matrix type 1 for MTRAP.
# Reference: 6306631 中村卓　修論：タンパク質の立体構造と各アミノ酸のペアの起こりやすさを考慮したアライメントアルゴリズム
# A R N ...
# set all BZX as 1
A, 0,
R, 0.098, 0,
N, 0.319, 0.238, 0,
D, 0.137, 0.082, 0.158, 0,
C, 0.210, 0.105, 0.223, 0.167, 0,
Q, 0.128, 0.062, 0.207, 0.086, 0.147, 0,
E, 0.094, 0.043, 0.233, 0.069, 0.151, 0.024, 0,
G, 0.181, 0.166, 0.316, 0.155, 0.240, 0.202, 0.166, 0,
H, 0.321, 0.194, 0.234, 0.240, 0.162, 0.242, 0.245, 0.306, 0,
I, 0.324, 0.276, 0.493, 0.386, 0.278, 0.307, 0.303, 0.389, 0.296, 0,
L, 0.146, 0.048, 0.225, 0.115, 0.095, 0.031, 0.051, 0.230, 0.204, 0.247, 0,
K, 0.107, 0.007, 0.229, 0.073, 0.104, 0.066, 0.040, 0.152, 0.191, 0.276, 0.059, 0,
M, 0.151, 0.077, 0.213, 0.127, 0.122, 0.051, 0.058, 0.234, 0.248, 0.311, 0.047, 0.087, 0,
F, 0.410, 0.282, 0.348, 0.355, 0.256, 0.337, 0.350, 0.401, 0.150, 0.267, 0.267, 0.287, 0.330, 0,
P, 0.826, 0.850, 0.910, 0.812, 0.923, 0.892, 0.831, 0.818, 0.924, 1.000, 0.926, 0.836, 0.908, 0.976, 0,
S, 0.267, 0.224, 0.184, 0.140, 0.245, 0.208, 0.201, 0.251, 0.281, 0.459, 0.235, 0.198, 0.216, 0.376, 0.772, 0,
T, 0.276, 0.159, 0.301, 0.248, 0.135, 0.192, 0.194, 0.299, 0.132, 0.198, 0.132, 0.154, 0.193, 0.159, 0.949, 0.305, 0,
W, 0.261, 0.164, 0.300, 0.207, 0.177, 0.229, 0.199, 0.258, 0.154, 0.261, 0.185, 0.154, 0.225, 0.178, 0.844, 0.244, 0.163, 0,
Y, 0.430, 0.305, 0.351, 0.374, 0.274, 0.361, 0.375, 0.422, 0.166, 0.294, 0.292, 0.311, 0.353, 0.032, 0.978, 0.394, 0.188, 0.196, 0,
V, 0.311, 0.246, 0.473, 0.360, 0.258, 0.281, 0.274, 0.373, 0.276, 0.000, 0.221, 0.248, 0.286, 0.255, 0.988, 0.440, 0.169, 0.242, 0.285, 0,
B, 1.000, 1.000, 1.000, 1.000, 1.000, 1.000, 1.000, 1.000, 1.000, 1.000, 1.000, 1.000, 1.000, 1.000, 1.000, 1.000, 1.000, 1.000, 1.000, 1.000, 0,
Z, 1.000, 1.000, 1.000, 1.000, 1.000, 1.000, 1.000, 1.000, 1.000, 1.000, 1.000, 1.000, 1.000, 1.000, 1.000, 1.000, 1.000, 1.000, 1.000, 1.000, 1.000, 0,
X, 1.000, 1.000, 1.000, 1.000, 1.000, 1.000, 1.000, 1.000, 1.000, 1.000, 1.000, 1.000, 1.000, 1.000, 1.000, 1.000, 1.000, 1.000, 1.000, 1.000, 1.000, 1.000, 0,
