#This is a triangle format ramachandran matrix type 1 for MTRAP.
# Reference: 6306631 中村卓　修論：タンパク質の立体構造と各アミノ酸のペアの起こりやすさを考慮したアライメントアルゴリズム
# A R N ...
# set all BZX as 1
A, 0,
R, 0.685, 0,
N, 0.592, 0.597, 0,
D, 0.447, 0.463, 0.765, 0,
C, 0.663, 0.697, 0.569, 0.477, 0,
Q, 0.663, 0.777, 0.595, 0.489, 0.747, 0,
E, 0.711, 0.744, 0.562, 0.452, 0.680, 0.698, 0,
G, 0.046, 0.020, 0.281, 0.085, 0.092, 0.054, 0.000, 0,
H, 0.848, 0.851, 0.692, 0.684, 0.764, 0.898, 0.842, 0.190, 0,
I, 0.475, 0.610, 0.622, 0.475, 0.630, 0.632, 0.598, 0.103, 0.585, 0,
L, 0.553, 0.608, 0.508, 0.414, 0.636, 0.611, 0.610, 0.026, 0.701, 0.744, 0,
K, 0.666, 0.725, 0.582, 0.464, 0.673, 0.790, 0.771, 0.001, 0.814, 0.603, 0.659, 0,
M, 0.657, 0.725, 0.513, 0.420, 0.709, 0.682, 0.643, 0.057, 0.838, 0.687, 0.625, 0.696, 0,
F, 0.895, 0.911, 0.674, 0.636, 0.902, 0.963, 0.899, 0.240, 0.747, 0.660, 0.868, 0.873, 0.993, 0,
P, 0.991, 0.841, 0.803, 0.818, 0.824, 0.855, 0.904, 0.556, 0.852, 0.755, 0.875, 0.835, 0.846, 0.838, 0,
S, 0.896, 0.792, 0.490, 0.486, 0.724, 0.742, 0.759, 0.163, 0.820, 0.605, 0.593, 0.729, 0.691, 0.865, 0.866, 0,
T, 0.641, 0.678, 0.585, 0.502, 0.614, 0.716, 0.665, 0.153, 0.592, 0.533, 0.582, 0.656, 0.695, 0.663, 0.864, 0.786, 0,
W, 0.766, 0.781, 0.597, 0.497, 0.749, 0.838, 0.769, 0.071, 0.718, 0.612, 0.762, 0.740, 0.845, 0.834, 0.771, 0.726, 0.621, 0,
Y, 0.907, 0.935, 0.662, 0.640, 0.893, 0.981, 0.918, 0.267, 0.754, 0.673, 0.865, 0.897, 1.000, 0.766, 0.835, 0.871, 0.716, 0.834, 0,
V, 0.482, 0.613, 0.593, 0.436, 0.634, 0.634, 0.586, 0.091, 0.582, 0.755, 0.725, 0.595, 0.700, 0.695, 0.744, 0.615, 0.562, 0.634, 0.729, 0,
B, 1.000, 1.000, 1.000, 1.000, 1.000, 1.000, 1.000, 1.000, 1.000, 1.000, 1.000, 1.000, 1.000, 1.000, 1.000, 1.000, 1.000, 1.000, 1.000, 1.000, 0,
Z, 1.000, 1.000, 1.000, 1.000, 1.000, 1.000, 1.000, 1.000, 1.000, 1.000, 1.000, 1.000, 1.000, 1.000, 1.000, 1.000, 1.000, 1.000, 1.000, 1.000, 1.000, 0,
X, 1.000, 1.000, 1.000, 1.000, 1.000, 1.000, 1.000, 1.000, 1.000, 1.000, 1.000, 1.000, 1.000, 1.000, 1.000, 1.000, 1.000, 1.000, 1.000, 1.000, 1.000, 1.000, 0,
