#This is a triangle format ramachandran matrix type 1 for MTRAP.
# Reference: 6306631 中村卓　修論：タンパク質の立体構造と各アミノ酸のペアの起こりやすさを考慮したアライメントアルゴリズム
# A R N ...
# set all BZX as 1
A, 0,
R, 0.143, 0,
N, 0.471, 0.364, 0,
D, 0.365, 0.277, 0.144, 0,
C, 0.363, 0.205, 0.333, 0.331, 0,
Q, 0.161, 0.028, 0.349, 0.271, 0.232, 0,
E, 0.082, 0.059, 0.418, 0.317, 0.312, 0.047, 0,
G, 0.780, 0.774, 0.690, 0.711, 0.761, 0.780, 0.798, 0,
H, 0.315, 0.147, 0.255, 0.250, 0.143, 0.178, 0.256, 0.750, 0,
I, 0.486, 0.351, 0.570, 0.545, 0.352, 0.374, 0.402, 0.899, 0.389, 0,
L, 0.222, 0.095, 0.412, 0.332, 0.227, 0.073, 0.103, 0.824, 0.239, 0.261, 0,
K, 0.163, 0.000, 0.364, 0.270, 0.220, 0.023, 0.047, 0.779, 0.165, 0.353, 0.075, 0,
M, 0.175, 0.054, 0.401, 0.329, 0.222, 0.053, 0.095, 0.801, 0.199, 0.341, 0.085, 0.080, 0,
F, 0.353, 0.190, 0.379, 0.386, 0.143, 0.237, 0.303, 0.796, 0.130, 0.310, 0.197, 0.211, 0.202, 0,
P, 0.718, 0.805, 0.860, 0.769, 0.864, 0.823, 0.761, 0.982, 0.856, 1.000, 0.842, 0.791, 0.838, 0.912, 0,
S, 0.259, 0.230, 0.351, 0.312, 0.246, 0.246, 0.273, 0.721, 0.227, 0.551, 0.356, 0.238, 0.274, 0.284, 0.687, 0,
T, 0.430, 0.262, 0.407, 0.411, 0.217, 0.282, 0.357, 0.770, 0.225, 0.361, 0.286, 0.275, 0.279, 0.203, 0.875, 0.285, 0,
W, 0.265, 0.132, 0.391, 0.334, 0.174, 0.179, 0.216, 0.801, 0.166, 0.331, 0.164, 0.146, 0.161, 0.110, 0.826, 0.251, 0.260, 0,
Y, 0.373, 0.204, 0.392, 0.412, 0.161, 0.253, 0.317, 0.792, 0.144, 0.331, 0.232, 0.227, 0.223, 0.016, 0.915, 0.297, 0.190, 0.131, 0,
V, 0.515, 0.363, 0.578, 0.561, 0.333, 0.392, 0.432, 0.895, 0.378, 0.020, 0.292, 0.370, 0.356, 0.286, 0.998, 0.529, 0.307, 0.319, 0.291, 0,
B, 1.000, 1.000, 1.000, 1.000, 1.000, 1.000, 1.000, 1.000, 1.000, 1.000, 1.000, 1.000, 1.000, 1.000, 1.000, 1.000, 1.000, 1.000, 1.000, 1.000, 0,
Z, 1.000, 1.000, 1.000, 1.000, 1.000, 1.000, 1.000, 1.000, 1.000, 1.000, 1.000, 1.000, 1.000, 1.000, 1.000, 1.000, 1.000, 1.000, 1.000, 1.000, 1.000, 0,
X, 1.000, 1.000, 1.000, 1.000, 1.000, 1.000, 1.000, 1.000, 1.000, 1.000, 1.000, 1.000, 1.000, 1.000, 1.000, 1.000, 1.000, 1.000, 1.000, 1.000, 1.000, 1.000, 0,
