# This is a triangle format ramachandran matrix type 1 for MTRAP.
# Reference: 6306631 中村卓　修論：タンパク質の立体構造と各アミノ酸のペアの起こりやすさを考慮したアライメントアルゴリズム
# A R N ...
# set all BZX as 0
A,  0,
R,	0.192, 0,
N,	0.419, 0.346, 0, 
D,	0.346, 0.286, 0.193, 0, 
C,	0.344, 0.235, 0.323, 0.321, 0,
Q,	0.205, 0.133, 0.335, 0.281, 0.253, 0,
E,	0.150, 0.134, 0.383, 0.313, 0.309, 0.126, 0,
G,	0.632, 0.629, 0.570, 0.585, 0.619, 0.633, 0.645, 0,
H,	0.311, 0.195, 0.270, 0.266, 0.191, 0.216, 0.270, 0.612, 0,
I,	0.430, 0.336, 0.488, 0.471, 0.337, 0.352, 0.371, 0.714, 0.362, 0,
L,	0.248, 0.159, 0.378, 0.324, 0.250, 0.145, 0.165, 0.662, 0.258, 0.274, 0,
K,	0.207, 0.093, 0.345, 0.280, 0.245, 0.110, 0.126, 0.632, 0.207, 0.338, 0.146, 0,
M,	0.214, 0.129, 0.369, 0.320, 0.246, 0.129, 0.158, 0.645, 0.229, 0.329, 0.152, 0.147, 0,
F,	0.337, 0.225, 0.356, 0.361, 0.192, 0.257, 0.303, 0.643, 0.183, 0.308, 0.230, 0.239, 0.233, 0,
P,	0.590, 0.650, 0.688, 0.625, 0.689, 0.662, 0.620, 0.771, 0.685, 0.784, 0.676, 0.641, 0.671, 0.724, 0,
S,	0.273, 0.252, 0.337, 0.310, 0.263, 0.263, 0.283, 0.592, 0.250, 0.474, 0.340, 0.257, 0.281, 0.290, 0.568, 0,
T,	0.391, 0.275, 0.375, 0.378, 0.243, 0.288, 0.340, 0.625, 0.249, 0.343, 0.291, 0.283, 0.285, 0.234, 0.698, 0.290, 0,
W,	0.276, 0.184, 0.362, 0.324, 0.213, 0.217, 0.242, 0.646, 0.207, 0.322, 0.207, 0.194, 0.205, 0.168, 0.664, 0.266, 0.272, 0,
Y,	0.351, 0.235, 0.364, 0.378, 0.204, 0.268, 0.312, 0.640, 0.192, 0.323, 0.254, 0.250, 0.247, 0.105, 0.726, 0.299, 0.225, 0.183, 0,
V,	0.450, 0.346, 0.494, 0.482, 0.324, 0.365, 0.392, 0.712, 0.355, 0.108, 0.296, 0.350, 0.339, 0.291, 0.783, 0.459, 0.307, 0.314, 0.296, 0,
B,	0.000, 0.000, 0.000, 0.000, 0.000, 0.000, 0.000, 0.000, 0.000, 0.000, 0.000, 0.000, 0.000, 0.000, 0.000, 0.000, 0.000, 0.000, 0.000, 0.000, 0,
Z,	0.000, 0.000, 0.000, 0.000, 0.000, 0.000, 0.000, 0.000, 0.000, 0.000, 0.000, 0.000, 0.000, 0.000, 0.000, 0.000, 0.000, 0.000, 0.000, 0.000, 0.000, 0,
X,	0.000, 0.000, 0.000, 0.000, 0.000, 0.000, 0.000, 0.000, 0.000, 0.000, 0.000, 0.000, 0.000, 0.000, 0.000, 0.000, 0.000, 0.000, 0.000, 0.000, 0.000, 0.000, 0
