#This is a triangle format ramachandran matrix type 1 for MTRAP.
# Reference: 6306631 中村卓　修論：タンパク質の立体構造と各アミノ酸のペアの起こりやすさを考慮したアライメントアルゴリズム
# A R N ...
# set all BZX as 1
A, 0,
R, 0.100, 0,
N, 0.360, 0.280, 0,
D, 0.153, 0.103, 0.186, 0,
C, 0.213, 0.086, 0.244, 0.164, 0,
Q, 0.131, 0.063, 0.249, 0.112, 0.114, 0,
E, 0.089, 0.050, 0.278, 0.094, 0.140, 0.029, 0,
G, 0.226, 0.196, 0.377, 0.187, 0.223, 0.238, 0.202, 0,
H, 0.341, 0.207, 0.257, 0.223, 0.158, 0.243, 0.253, 0.299, 0,
I, 0.325, 0.306, 0.580, 0.432, 0.324, 0.366, 0.348, 0.438, 0.336, 0,
L, 0.135, 0.057, 0.266, 0.137, 0.088, 0.041, 0.072, 0.255, 0.230, 0.303, 0,
K, 0.115, 0.012, 0.272, 0.097, 0.088, 0.072, 0.047, 0.178, 0.196, 0.309, 0.075, 0,
M, 0.130, 0.076, 0.251, 0.129, 0.115, 0.011, 0.052, 0.259, 0.267, 0.366, 0.044, 0.093, 0,
F, 0.357, 0.225, 0.397, 0.339, 0.207, 0.291, 0.305, 0.373, 0.130, 0.291, 0.258, 0.225, 0.306, 0,
P, 0.837, 0.875, 0.969, 0.838, 0.950, 0.940, 0.872, 0.841, 0.931, 1.000, 0.970, 0.864, 0.949, 0.972, 0,
S, 0.302, 0.248, 0.217, 0.156, 0.236, 0.242, 0.241, 0.280, 0.323, 0.537, 0.271, 0.221, 0.251, 0.428, 0.793, 0,
T, 0.251, 0.173, 0.357, 0.283, 0.135, 0.209, 0.211, 0.317, 0.132, 0.226, 0.144, 0.174, 0.214, 0.170, 0.964, 0.366, 0,
W, 0.213, 0.102, 0.337, 0.189, 0.135, 0.182, 0.147, 0.222, 0.148, 0.292, 0.186, 0.090, 0.195, 0.156, 0.834, 0.273, 0.167, 0,
Y, 0.386, 0.254, 0.389, 0.343, 0.227, 0.324, 0.338, 0.384, 0.129, 0.326, 0.291, 0.259, 0.329, 0.022, 0.984, 0.430, 0.199, 0.185, 0,
V, 0.304, 0.279, 0.554, 0.409, 0.298, 0.342, 0.323, 0.422, 0.316, 0.000, 0.276, 0.285, 0.342, 0.286, 0.993, 0.515, 0.205, 0.262, 0.320, 0,
B, 1.000, 1.000, 1.000, 1.000, 1.000, 1.000, 1.000, 1.000, 1.000, 1.000, 1.000, 1.000, 1.000, 1.000, 1.000, 1.000, 1.000, 1.000, 1.000, 1.000, 0,
Z, 1.000, 1.000, 1.000, 1.000, 1.000, 1.000, 1.000, 1.000, 1.000, 1.000, 1.000, 1.000, 1.000, 1.000, 1.000, 1.000, 1.000, 1.000, 1.000, 1.000, 1.000, 0,
X, 1.000, 1.000, 1.000, 1.000, 1.000, 1.000, 1.000, 1.000, 1.000, 1.000, 1.000, 1.000, 1.000, 1.000, 1.000, 1.000, 1.000, 1.000, 1.000, 1.000, 1.000, 1.000, 0,
