#This is a triangle format ramachandran matrix type 1 for MTRAP.
# Reference: 6306631 中村卓　修論：タンパク質の立体構造と各アミノ酸のペアの起こりやすさを考慮したアライメントアルゴリズム
# A R N ...
# set all BZX as 1
A, 0,
R, 0.049, 0,
N, 0.234, 0.159, 0,
D, 0.168, 0.142, 0.059, 0,
C, 0.141, 0.066, 0.151, 0.134, 0,
Q, 0.058, 0.020, 0.162, 0.124, 0.094, 0,
E, 0.040, 0.029, 0.236, 0.160, 0.144, 0.027, 0,
G, 0.522, 0.536, 0.542, 0.540, 0.607, 0.544, 0.551, 0,
H, 0.128, 0.053, 0.102, 0.103, 0.061, 0.067, 0.100, 0.277, 0,
I, 0.245, 0.152, 0.359, 0.301, 0.166, 0.169, 0.177, 0.192, 0.191, 0,
L, 0.102, 0.053, 0.266, 0.176, 0.127, 0.045, 0.044, 0.610, 0.126, 0.114, 0,
K, 0.061, 0.018, 0.179, 0.137, 0.099, 0.021, 0.023, 0.394, 0.071, 0.186, 0.041, 0,
M, 0.056, 0.022, 0.190, 0.135, 0.075, 0.024, 0.033, 0.189, 0.064, 0.164, 0.040, 0.028, 0,
F, 0.147, 0.063, 0.198, 0.176, 0.059, 0.083, 0.117, 0.368, 0.048, 0.146, 0.081, 0.073, 0.078, 0,
P, 0.389, 0.374, 0.430, 0.368, 0.283, 0.439, 0.453, 0.241, 0.315, 0.520, 0.507, 0.393, 0.421, 0.370, 0,
S, 0.109, 0.088, 0.209, 0.167, 0.112, 0.100, 0.115, 0.493, 0.103, 0.348, 0.163, 0.095, 0.117, 0.136, 0.490, 0,
T, 0.206, 0.117, 0.317, 0.250, 0.112, 0.130, 0.160, 0.452, 0.129, 0.165, 0.126, 0.125, 0.129, 0.100, 0.777, 0.121, 0,
W, 0.087, 0.035, 0.184, 0.133, 0.052, 0.054, 0.067, 0.161, 0.050, 0.161, 0.061, 0.043, 0.052, 0.033, 0.653, 0.083, 0.110, 0,
Y, 0.162, 0.071, 0.206, 0.196, 0.063, 0.092, 0.130, 0.342, 0.054, 0.155, 0.095, 0.079, 0.090, 0.020, 0.811, 0.132, 0.097, 0.056, 0,
V, 0.268, 0.163, 0.420, 0.352, 0.171, 0.182, 0.200, 0.275, 0.204, 0.019, 0.123, 0.170, 0.166, 0.149, 1.000, 0.319, 0.158, 0.163, 0.142, 0,
B, 1.000, 1.000, 1.000, 1.000, 1.000, 1.000, 1.000, 1.000, 1.000, 1.000, 1.000, 1.000, 1.000, 1.000, 1.000, 1.000, 1.000, 1.000, 1.000, 1.000, 0,
Z, 1.000, 1.000, 1.000, 1.000, 1.000, 1.000, 1.000, 1.000, 1.000, 1.000, 1.000, 1.000, 1.000, 1.000, 1.000, 1.000, 1.000, 1.000, 1.000, 1.000, 1.000, 0,
X, 1.000, 1.000, 1.000, 1.000, 1.000, 1.000, 1.000, 1.000, 1.000, 1.000, 1.000, 1.000, 1.000, 1.000, 1.000, 1.000, 1.000, 1.000, 1.000, 1.000, 1.000, 1.000, 0,
