#This is a triangle format ramachandran matrix type 1 for MTRAP.
# Reference: 6306631 中村卓　修論：タンパク質の立体構造と各アミノ酸のペアの起こりやすさを考慮したアライメントアルゴリズム
# A R N ...
# set all BZX as 1
A, 0,
R, 0.048, 0,
N, 0.191, 0.133, 0,
D, 0.135, 0.110, 0.051, 0,
C, 0.125, 0.075, 0.145, 0.143, 0,
Q, 0.055, 0.029, 0.128, 0.106, 0.083, 0,
E, 0.038, 0.032, 0.161, 0.116, 0.108, 0.031, 0,
G, 0.577, 0.583, 0.540, 0.540, 0.649, 0.597, 0.603, 0,
H, 0.110, 0.057, 0.097, 0.102, 0.067, 0.066, 0.088, 0.593, 0,
I, 0.216, 0.136, 0.319, 0.289, 0.155, 0.146, 0.153, 0.893, 0.172, 0,
L, 0.081, 0.045, 0.170, 0.132, 0.089, 0.040, 0.042, 0.657, 0.090, 0.086, 0,
K, 0.055, 0.025, 0.132, 0.108, 0.082, 0.028, 0.028, 0.589, 0.063, 0.137, 0.038, 0,
M, 0.065, 0.043, 0.170, 0.144, 0.086, 0.043, 0.047, 0.649, 0.084, 0.131, 0.048, 0.047, 0,
F, 0.117, 0.058, 0.158, 0.159, 0.063, 0.073, 0.095, 0.655, 0.054, 0.122, 0.071, 0.067, 0.071, 0,
P, 0.469, 0.597, 0.696, 0.525, 0.730, 0.626, 0.535, 0.997, 0.694, 0.992, 0.650, 0.580, 0.659, 0.799, 0,
S, 0.083, 0.075, 0.144, 0.125, 0.092, 0.085, 0.094, 0.519, 0.085, 0.268, 0.132, 0.082, 0.101, 0.107, 0.482, 0,
T, 0.167, 0.096, 0.206, 0.201, 0.095, 0.108, 0.131, 0.651, 0.103, 0.136, 0.108, 0.104, 0.114, 0.085, 0.759, 0.100, 0,
W, 0.092, 0.057, 0.188, 0.164, 0.081, 0.069, 0.076, 0.664, 0.079, 0.137, 0.067, 0.063, 0.068, 0.053, 0.659, 0.103, 0.111, 0,
Y, 0.128, 0.063, 0.166, 0.173, 0.064, 0.079, 0.103, 0.653, 0.057, 0.128, 0.081, 0.071, 0.079, 0.029, 0.808, 0.107, 0.079, 0.058, 0,
V, 0.224, 0.134, 0.322, 0.306, 0.144, 0.148, 0.163, 0.880, 0.165, 0.021, 0.098, 0.138, 0.133, 0.113, 1.000, 0.249, 0.115, 0.131, 0.112, 0,
B, 1.000, 1.000, 1.000, 1.000, 1.000, 1.000, 1.000, 1.000, 1.000, 1.000, 1.000, 1.000, 1.000, 1.000, 1.000, 1.000, 1.000, 1.000, 1.000, 1.000, 0,
Z, 1.000, 1.000, 1.000, 1.000, 1.000, 1.000, 1.000, 1.000, 1.000, 1.000, 1.000, 1.000, 1.000, 1.000, 1.000, 1.000, 1.000, 1.000, 1.000, 1.000, 1.000, 0,
X, 1.000, 1.000, 1.000, 1.000, 1.000, 1.000, 1.000, 1.000, 1.000, 1.000, 1.000, 1.000, 1.000, 1.000, 1.000, 1.000, 1.000, 1.000, 1.000, 1.000, 1.000, 1.000, 0,
