#This is a triangle format ramachandran matrix type 1 for MTRAP.
# Reference: 6306631 中村卓　修論：タンパク質の立体構造と各アミノ酸のペアの起こりやすさを考慮したアライメントアルゴリズム
# A R N ...
# set all BZX as 1
A, 0,
R, 0.074, 0,
N, 0.191, 0.131, 0,
D, 0.136, 0.109, 0.060, 0,
C, 0.131, 0.098, 0.154, 0.140, 0,
Q, 0.091, 0.052, 0.126, 0.107, 0.102, 0,
E, 0.061, 0.052, 0.161, 0.113, 0.115, 0.060, 0,
G, 0.636, 0.643, 0.577, 0.589, 0.726, 0.654, 0.655, 0,
H, 0.115, 0.068, 0.110, 0.111, 0.104, 0.073, 0.090, 0.654, 0,
I, 0.226, 0.149, 0.291, 0.235, 0.186, 0.163, 0.154, 1.000, 0.183, 0,
L, 0.089, 0.063, 0.167, 0.121, 0.110, 0.060, 0.056, 0.686, 0.097, 0.128, 0,
K, 0.080, 0.045, 0.135, 0.111, 0.105, 0.048, 0.045, 0.649, 0.075, 0.145, 0.052, 0,
M, 0.108, 0.088, 0.171, 0.147, 0.123, 0.088, 0.092, 0.719, 0.109, 0.177, 0.084, 0.089, 0,
F, 0.115, 0.064, 0.133, 0.128, 0.098, 0.070, 0.087, 0.708, 0.076, 0.148, 0.071, 0.071, 0.092, 0,
P, 0.201, 0.382, 0.588, 0.417, 0.448, 0.412, 0.303, 0.883, 0.469, 0.563, 0.352, 0.386, 0.390, 0.490, 0,
S, 0.067, 0.071, 0.160, 0.124, 0.106, 0.080, 0.074, 0.581, 0.095, 0.223, 0.103, 0.080, 0.112, 0.103, 0.301, 0,
T, 0.168, 0.106, 0.217, 0.181, 0.138, 0.112, 0.128, 0.723, 0.132, 0.162, 0.120, 0.114, 0.152, 0.116, 0.488, 0.101, 0,
W, 0.113, 0.092, 0.201, 0.158, 0.143, 0.100, 0.088, 0.743, 0.120, 0.180, 0.093, 0.093, 0.123, 0.105, 0.382, 0.118, 0.157, 0,
Y, 0.116, 0.064, 0.135, 0.129, 0.097, 0.070, 0.086, 0.696, 0.073, 0.152, 0.074, 0.066, 0.097, 0.057, 0.488, 0.104, 0.111, 0.107, 0,
V, 0.210, 0.129, 0.286, 0.239, 0.172, 0.145, 0.144, 0.958, 0.165, 0.043, 0.120, 0.128, 0.166, 0.130, 0.555, 0.199, 0.135, 0.170, 0.130, 0,
B, 1.000, 1.000, 1.000, 1.000, 1.000, 1.000, 1.000, 1.000, 1.000, 1.000, 1.000, 1.000, 1.000, 1.000, 1.000, 1.000, 1.000, 1.000, 1.000, 1.000, 0,
Z, 1.000, 1.000, 1.000, 1.000, 1.000, 1.000, 1.000, 1.000, 1.000, 1.000, 1.000, 1.000, 1.000, 1.000, 1.000, 1.000, 1.000, 1.000, 1.000, 1.000, 1.000, 0,
X, 1.000, 1.000, 1.000, 1.000, 1.000, 1.000, 1.000, 1.000, 1.000, 1.000, 1.000, 1.000, 1.000, 1.000, 1.000, 1.000, 1.000, 1.000, 1.000, 1.000, 1.000, 1.000, 0,
