#This is a triangle format ramachandran matrix type 1 for MTRAP.
# Reference: 6306631 中村卓　修論：タンパク質の立体構造と各アミノ酸のペアの起こりやすさを考慮したアライメントアルゴリズム
# A R N ...
# set all BZX as 1
A, 0,
R, 0.140, 0,
N, 0.356, 0.278, 0,
D, 0.278, 0.220, 0.141, 0,
C, 0.277, 0.176, 0.256, 0.255, 0,
Q, 0.151, 0.079, 0.267, 0.216, 0.192, 0,
E, 0.107, 0.095, 0.316, 0.246, 0.243, 0.089, 0,
G, 0.654, 0.647, 0.552, 0.575, 0.631, 0.654, 0.676, 0,
H, 0.245, 0.143, 0.207, 0.203, 0.140, 0.160, 0.207, 0.618, 0,
I, 0.367, 0.268, 0.438, 0.416, 0.270, 0.284, 0.304, 0.818, 0.295, 0,
L, 0.186, 0.114, 0.311, 0.256, 0.190, 0.103, 0.118, 0.710, 0.197, 0.210, 0,
K, 0.152, 0.065, 0.277, 0.216, 0.185, 0.077, 0.089, 0.652, 0.153, 0.270, 0.104, 0,
M, 0.159, 0.092, 0.303, 0.254, 0.186, 0.092, 0.114, 0.680, 0.173, 0.262, 0.109, 0.106, 0,
F, 0.270, 0.167, 0.288, 0.293, 0.141, 0.195, 0.237, 0.674, 0.133, 0.241, 0.172, 0.179, 0.175, 0,
P, 0.582, 0.685, 0.759, 0.640, 0.765, 0.708, 0.631, 0.964, 0.754, 1.000, 0.735, 0.668, 0.729, 0.839, 0,
S, 0.209, 0.191, 0.269, 0.243, 0.201, 0.201, 0.218, 0.585, 0.189, 0.421, 0.272, 0.196, 0.218, 0.224, 0.549, 0,
T, 0.325, 0.211, 0.308, 0.311, 0.183, 0.223, 0.273, 0.642, 0.188, 0.275, 0.226, 0.219, 0.221, 0.175, 0.781, 0.225, 0,
W, 0.212, 0.135, 0.296, 0.257, 0.158, 0.161, 0.183, 0.681, 0.154, 0.255, 0.152, 0.142, 0.151, 0.122, 0.713, 0.204, 0.209, 0,
Y, 0.284, 0.176, 0.297, 0.311, 0.151, 0.205, 0.246, 0.669, 0.141, 0.255, 0.192, 0.189, 0.187, 0.073, 0.844, 0.233, 0.168, 0.134, 0,
V, 0.391, 0.277, 0.444, 0.430, 0.256, 0.297, 0.326, 0.812, 0.287, 0.075, 0.229, 0.282, 0.272, 0.226, 0.997, 0.402, 0.240, 0.247, 0.229, 0,
B, 1.000, 1.000, 1.000, 1.000, 1.000, 1.000, 1.000, 1.000, 1.000, 1.000, 1.000, 1.000, 1.000, 1.000, 1.000, 1.000, 1.000, 1.000, 1.000, 1.000, 0,
Z, 1.000, 1.000, 1.000, 1.000, 1.000, 1.000, 1.000, 1.000, 1.000, 1.000, 1.000, 1.000, 1.000, 1.000, 1.000, 1.000, 1.000, 1.000, 1.000, 1.000, 1.000, 0,
X, 1.000, 1.000, 1.000, 1.000, 1.000, 1.000, 1.000, 1.000, 1.000, 1.000, 1.000, 1.000, 1.000, 1.000, 1.000, 1.000, 1.000, 1.000, 1.000, 1.000, 1.000, 1.000, 0,
