#This is a triangle format ramachandran matrix type 1 for MTRAP.
# Reference: 6306631 中村卓　修論：タンパク質の立体構造と各アミノ酸のペアの起こりやすさを考慮したアライメントアルゴリズム
# A R N ...
# set all BZX as 1
A, 0,
R, 0.095, 0,
N, 0.388, 0.328, 0,
D, 0.242, 0.197, 0.177, 0,
C, 0.290, 0.187, 0.346, 0.285, 0,
Q, 0.125, 0.055, 0.314, 0.201, 0.220, 0,
E, 0.095, 0.045, 0.339, 0.196, 0.248, 0.022, 0,
G, 0.629, 0.627, 0.645, 0.627, 0.657, 0.636, 0.634, 0,
H, 0.292, 0.176, 0.320, 0.251, 0.143, 0.236, 0.245, 0.646, 0,
I, 0.419, 0.344, 0.543, 0.478, 0.302, 0.379, 0.389, 0.735, 0.316, 0,
L, 0.162, 0.072, 0.352, 0.234, 0.184, 0.074, 0.085, 0.648, 0.206, 0.281, 0,
K, 0.107, 0.000, 0.320, 0.187, 0.187, 0.062, 0.046, 0.626, 0.173, 0.342, 0.069, 0,
M, 0.154, 0.057, 0.338, 0.229, 0.191, 0.041, 0.061, 0.643, 0.207, 0.340, 0.062, 0.074, 0,
F, 0.407, 0.297, 0.479, 0.417, 0.232, 0.367, 0.373, 0.701, 0.170, 0.287, 0.297, 0.299, 0.318, 0,
P, 0.869, 0.880, 0.872, 0.816, 0.883, 0.908, 0.880, 0.936, 0.869, 1.000, 0.921, 0.871, 0.911, 0.935, 0,
S, 0.352, 0.305, 0.366, 0.297, 0.294, 0.327, 0.322, 0.653, 0.295, 0.539, 0.367, 0.298, 0.323, 0.426, 0.719, 0,
T, 0.404, 0.303, 0.453, 0.407, 0.215, 0.340, 0.363, 0.693, 0.227, 0.270, 0.298, 0.302, 0.307, 0.253, 0.918, 0.362, 0,
W, 0.286, 0.184, 0.407, 0.311, 0.173, 0.260, 0.255, 0.661, 0.136, 0.302, 0.208, 0.180, 0.219, 0.143, 0.865, 0.317, 0.254, 0,
Y, 0.444, 0.331, 0.497, 0.448, 0.250, 0.399, 0.409, 0.713, 0.196, 0.310, 0.336, 0.332, 0.351, 0.038, 0.931, 0.436, 0.248, 0.167, 0,
V, 0.466, 0.379, 0.560, 0.513, 0.307, 0.414, 0.431, 0.753, 0.337, 0.068, 0.330, 0.380, 0.373, 0.306, 0.993, 0.538, 0.245, 0.323, 0.310, 0,
B, 1.000, 1.000, 1.000, 1.000, 1.000, 1.000, 1.000, 1.000, 1.000, 1.000, 1.000, 1.000, 1.000, 1.000, 1.000, 1.000, 1.000, 1.000, 1.000, 1.000, 0,
Z, 1.000, 1.000, 1.000, 1.000, 1.000, 1.000, 1.000, 1.000, 1.000, 1.000, 1.000, 1.000, 1.000, 1.000, 1.000, 1.000, 1.000, 1.000, 1.000, 1.000, 1.000, 0,
X, 1.000, 1.000, 1.000, 1.000, 1.000, 1.000, 1.000, 1.000, 1.000, 1.000, 1.000, 1.000, 1.000, 1.000, 1.000, 1.000, 1.000, 1.000, 1.000, 1.000, 1.000, 1.000, 0,
