#This is a triangle format ramachandran matrix type 1 for MTRAP.
# Reference: 6306631 中村卓　修論：タンパク質の立体構造と各アミノ酸のペアの起こりやすさを考慮したアライメントアルゴリズム
# A R N ...
# set all BZX as 1
A, 0,
R, 0.337, 0,
N, 0.525, 0.442, 0,
D, 0.449, 0.405, 0.305, 0,
C, 0.441, 0.385, 0.476, 0.456, 0,
Q, 0.372, 0.284, 0.434, 0.402, 0.393, 0,
E, 0.305, 0.284, 0.486, 0.412, 0.416, 0.305, 0,
G, 0.864, 0.867, 0.834, 0.840, 0.904, 0.872, 0.873, 0,
H, 0.415, 0.323, 0.406, 0.409, 0.397, 0.335, 0.371, 0.872, 0,
I, 0.567, 0.469, 0.633, 0.577, 0.519, 0.489, 0.477, 1.000, 0.516, 0,
L, 0.368, 0.312, 0.494, 0.426, 0.407, 0.305, 0.295, 0.887, 0.384, 0.436, 0,
K, 0.350, 0.263, 0.448, 0.408, 0.399, 0.274, 0.265, 0.870, 0.339, 0.463, 0.282, 0,
M, 0.403, 0.366, 0.500, 0.465, 0.429, 0.366, 0.373, 0.901, 0.405, 0.508, 0.358, 0.367, 0,
F, 0.416, 0.314, 0.445, 0.437, 0.385, 0.327, 0.364, 0.896, 0.340, 0.468, 0.331, 0.329, 0.374, 0,
P, 0.538, 0.709, 0.839, 0.736, 0.757, 0.732, 0.644, 0.963, 0.770, 0.826, 0.686, 0.713, 0.716, 0.784, 0,
S, 0.321, 0.331, 0.485, 0.430, 0.400, 0.350, 0.336, 0.835, 0.380, 0.563, 0.394, 0.349, 0.410, 0.395, 0.642, 0,
T, 0.496, 0.400, 0.557, 0.512, 0.453, 0.411, 0.437, 0.903, 0.443, 0.488, 0.424, 0.413, 0.473, 0.418, 0.783, 0.391, 0,
W, 0.413, 0.373, 0.538, 0.482, 0.460, 0.388, 0.366, 0.911, 0.423, 0.511, 0.376, 0.377, 0.429, 0.398, 0.710, 0.420, 0.481, 0,
Y, 0.417, 0.314, 0.448, 0.439, 0.384, 0.329, 0.362, 0.891, 0.335, 0.473, 0.337, 0.319, 0.383, 0.296, 0.782, 0.395, 0.409, 0.401, 0,
V, 0.548, 0.438, 0.629, 0.581, 0.501, 0.463, 0.462, 0.987, 0.491, 0.259, 0.424, 0.437, 0.494, 0.440, 0.822, 0.536, 0.448, 0.498, 0.440, 0,
B, 1.000, 1.000, 1.000, 1.000, 1.000, 1.000, 1.000, 1.000, 1.000, 1.000, 1.000, 1.000, 1.000, 1.000, 1.000, 1.000, 1.000, 1.000, 1.000, 1.000, 0,
Z, 1.000, 1.000, 1.000, 1.000, 1.000, 1.000, 1.000, 1.000, 1.000, 1.000, 1.000, 1.000, 1.000, 1.000, 1.000, 1.000, 1.000, 1.000, 1.000, 1.000, 1.000, 0,
X, 1.000, 1.000, 1.000, 1.000, 1.000, 1.000, 1.000, 1.000, 1.000, 1.000, 1.000, 1.000, 1.000, 1.000, 1.000, 1.000, 1.000, 1.000, 1.000, 1.000, 1.000, 1.000, 0,
