#This is a triangle format ramachandran matrix type 1 for MTRAP.
# Reference: 6306631 中村卓　修論：タンパク質の立体構造と各アミノ酸のペアの起こりやすさを考慮したアライメントアルゴリズム
# A R N ...
# set all BZX as 1
A, 0,
R, 0.509, 0,
N, 0.361, 0.424, 0,
D, 0.345, 0.453, 0.589, 0,
C, 0.619, 0.632, 0.477, 0.584, 0,
Q, 0.434, 0.558, 0.422, 0.465, 0.657, 0,
E, 0.513, 0.575, 0.379, 0.394, 0.693, 0.502, 0,
G, 0.022, 0.033, 0.121, 0.094, 0.045, 0.048, 0.037, 0,
H, 0.566, 0.645, 0.505, 0.590, 0.523, 0.669, 0.664, 0.059, 0,
I, 0.484, 0.546, 0.456, 0.559, 0.487, 0.558, 0.571, 0.111, 0.502, 0,
L, 0.558, 0.533, 0.322, 0.431, 0.571, 0.559, 0.596, 0.053, 0.554, 0.465, 0,
K, 0.474, 0.530, 0.398, 0.430, 0.622, 0.571, 0.591, 0.040, 0.627, 0.544, 0.552, 0,
M, 0.484, 0.471, 0.370, 0.425, 0.569, 0.472, 0.509, 0.015, 0.561, 0.478, 0.508, 0.471, 0,
F, 0.641, 0.706, 0.572, 0.661, 0.535, 0.777, 0.751, 0.106, 0.566, 0.505, 0.675, 0.697, 0.662, 0,
P, 1.000, 0.728, 0.544, 0.578, 0.774, 0.697, 0.780, 0.382, 0.721, 0.712, 0.799, 0.692, 0.773, 0.756, 0,
S, 0.645, 0.624, 0.355, 0.484, 0.541, 0.603, 0.681, 0.000, 0.544, 0.532, 0.606, 0.594, 0.518, 0.571, 0.845, 0,
T, 0.541, 0.573, 0.466, 0.587, 0.419, 0.639, 0.627, 0.061, 0.483, 0.371, 0.517, 0.590, 0.482, 0.445, 0.767, 0.593, 0,
W, 0.589, 0.582, 0.442, 0.550, 0.487, 0.643, 0.674, 0.005, 0.498, 0.473, 0.585, 0.580, 0.544, 0.505, 0.742, 0.539, 0.439, 0,
Y, 0.665, 0.731, 0.600, 0.692, 0.539, 0.793, 0.782, 0.136, 0.615, 0.535, 0.701, 0.741, 0.666, 0.544, 0.766, 0.584, 0.459, 0.497, 0,
V, 0.558, 0.614, 0.486, 0.593, 0.486, 0.642, 0.653, 0.145, 0.541, 0.576, 0.551, 0.630, 0.541, 0.550, 0.749, 0.536, 0.375, 0.506, 0.564, 0,
B, 1.000, 1.000, 1.000, 1.000, 1.000, 1.000, 1.000, 1.000, 1.000, 1.000, 1.000, 1.000, 1.000, 1.000, 1.000, 1.000, 1.000, 1.000, 1.000, 1.000, 0,
Z, 1.000, 1.000, 1.000, 1.000, 1.000, 1.000, 1.000, 1.000, 1.000, 1.000, 1.000, 1.000, 1.000, 1.000, 1.000, 1.000, 1.000, 1.000, 1.000, 1.000, 1.000, 0,
X, 1.000, 1.000, 1.000, 1.000, 1.000, 1.000, 1.000, 1.000, 1.000, 1.000, 1.000, 1.000, 1.000, 1.000, 1.000, 1.000, 1.000, 1.000, 1.000, 1.000, 1.000, 1.000, 0,
