#This is a triangle format ramachandran matrix type 1 for MTRAP.
# Reference: 6306631 中村卓　修論：タンパク質の立体構造と各アミノ酸のペアの起こりやすさを考慮したアライメントアルゴリズム
# A R N ...
# set all BZX as 1
A, 0,
R, 0.302, 0,
N, 0.658, 0.406, 0,
D, 0.527, 0.286, 0.178, 0,
C, 0.576, 0.304, 0.252, 0.232, 0,
Q, 0.290, 0.125, 0.439, 0.326, 0.360, 0,
E, 0.217, 0.175, 0.529, 0.401, 0.451, 0.127, 0,
G, 0.807, 0.583, 0.376, 0.427, 0.417, 0.627, 0.704, 0,
H, 0.579, 0.301, 0.236, 0.211, 0.132, 0.370, 0.452, 0.409, 0,
I, 0.563, 0.372, 0.526, 0.470, 0.368, 0.419, 0.466, 0.643, 0.376, 0,
L, 0.315, 0.143, 0.464, 0.351, 0.350, 0.138, 0.176, 0.640, 0.362, 0.330, 0,
K, 0.324, 0.065, 0.386, 0.266, 0.288, 0.137, 0.190, 0.566, 0.283, 0.367, 0.147, 0,
M, 0.316, 0.124, 0.446, 0.337, 0.341, 0.106, 0.161, 0.626, 0.351, 0.380, 0.127, 0.144, 0,
F, 0.606, 0.338, 0.363, 0.334, 0.209, 0.418, 0.489, 0.484, 0.171, 0.333, 0.376, 0.327, 0.381, 0,
P, 1.000, 0.850, 0.725, 0.710, 0.747, 0.903, 0.932, 0.748, 0.737, 0.960, 0.919, 0.832, 0.902, 0.811, 0,
S, 0.609, 0.368, 0.262, 0.240, 0.227, 0.418, 0.491, 0.412, 0.226, 0.516, 0.447, 0.350, 0.412, 0.333, 0.631, 0,
T, 0.638, 0.369, 0.311, 0.309, 0.177, 0.427, 0.514, 0.431, 0.184, 0.353, 0.410, 0.353, 0.404, 0.223, 0.770, 0.267, 0,
W, 0.509, 0.247, 0.345, 0.276, 0.194, 0.331, 0.394, 0.491, 0.174, 0.334, 0.301, 0.232, 0.299, 0.158, 0.771, 0.283, 0.244, 0,
Y, 0.640, 0.369, 0.359, 0.346, 0.210, 0.447, 0.522, 0.471, 0.176, 0.357, 0.411, 0.356, 0.411, 0.078, 0.797, 0.328, 0.209, 0.179, 0,
V, 0.620, 0.390, 0.472, 0.443, 0.308, 0.442, 0.509, 0.582, 0.327, 0.145, 0.377, 0.382, 0.405, 0.296, 0.903, 0.457, 0.274, 0.308, 0.302, 0,
B, 1.000, 1.000, 1.000, 1.000, 1.000, 1.000, 1.000, 1.000, 1.000, 1.000, 1.000, 1.000, 1.000, 1.000, 1.000, 1.000, 1.000, 1.000, 1.000, 1.000, 0,
Z, 1.000, 1.000, 1.000, 1.000, 1.000, 1.000, 1.000, 1.000, 1.000, 1.000, 1.000, 1.000, 1.000, 1.000, 1.000, 1.000, 1.000, 1.000, 1.000, 1.000, 1.000, 0,
X, 1.000, 1.000, 1.000, 1.000, 1.000, 1.000, 1.000, 1.000, 1.000, 1.000, 1.000, 1.000, 1.000, 1.000, 1.000, 1.000, 1.000, 1.000, 1.000, 1.000, 1.000, 1.000, 0,
