#This is a triangle format ramachandran matrix type 1 for MTRAP.
# Reference: 6306631 中村卓　修論：タンパク質の立体構造と各アミノ酸のペアの起こりやすさを考慮したアライメントアルゴリズム
# A R N ...
# set all BZX as 1
A, 0,
R, 0.259, 0,
N, 0.505, 0.426, 0,
D, 0.429, 0.389, 0.267, 0,
C, 0.414, 0.324, 0.443, 0.441, 0,
Q, 0.279, 0.203, 0.418, 0.382, 0.339, 0,
E, 0.232, 0.212, 0.466, 0.400, 0.385, 0.211, 0,
G, 0.817, 0.821, 0.796, 0.796, 0.856, 0.829, 0.832, 0,
H, 0.389, 0.282, 0.367, 0.375, 0.306, 0.303, 0.350, 0.826, 0,
I, 0.535, 0.431, 0.637, 0.609, 0.458, 0.445, 0.455, 0.962, 0.481, 0,
L, 0.335, 0.251, 0.479, 0.424, 0.351, 0.239, 0.242, 0.860, 0.353, 0.346, 0,
K, 0.277, 0.190, 0.424, 0.386, 0.339, 0.199, 0.200, 0.824, 0.297, 0.432, 0.231, 0,
M, 0.302, 0.247, 0.478, 0.442, 0.346, 0.248, 0.257, 0.856, 0.341, 0.423, 0.259, 0.257, 0,
F, 0.400, 0.286, 0.461, 0.463, 0.296, 0.319, 0.363, 0.859, 0.274, 0.408, 0.315, 0.306, 0.316, 0,
P, 0.752, 0.829, 0.879, 0.787, 0.895, 0.844, 0.793, 0.999, 0.878, 0.997, 0.857, 0.819, 0.861, 0.925, 0,
S, 0.341, 0.324, 0.443, 0.414, 0.357, 0.344, 0.361, 0.783, 0.343, 0.590, 0.424, 0.338, 0.374, 0.383, 0.760, 0,
T, 0.474, 0.364, 0.523, 0.517, 0.362, 0.386, 0.423, 0.857, 0.377, 0.431, 0.386, 0.379, 0.396, 0.343, 0.908, 0.372, 0,
W, 0.357, 0.284, 0.501, 0.470, 0.336, 0.311, 0.325, 0.863, 0.332, 0.432, 0.306, 0.296, 0.307, 0.272, 0.861, 0.377, 0.391, 0,
Y, 0.418, 0.298, 0.474, 0.482, 0.298, 0.332, 0.377, 0.858, 0.283, 0.419, 0.335, 0.314, 0.331, 0.202, 0.929, 0.385, 0.333, 0.286, 0,
V, 0.544, 0.428, 0.639, 0.625, 0.443, 0.449, 0.468, 0.958, 0.471, 0.171, 0.368, 0.434, 0.426, 0.393, 1.000, 0.570, 0.398, 0.423, 0.393, 0,
B, 1.000, 1.000, 1.000, 1.000, 1.000, 1.000, 1.000, 1.000, 1.000, 1.000, 1.000, 1.000, 1.000, 1.000, 1.000, 1.000, 1.000, 1.000, 1.000, 1.000, 0,
Z, 1.000, 1.000, 1.000, 1.000, 1.000, 1.000, 1.000, 1.000, 1.000, 1.000, 1.000, 1.000, 1.000, 1.000, 1.000, 1.000, 1.000, 1.000, 1.000, 1.000, 1.000, 0,
X, 1.000, 1.000, 1.000, 1.000, 1.000, 1.000, 1.000, 1.000, 1.000, 1.000, 1.000, 1.000, 1.000, 1.000, 1.000, 1.000, 1.000, 1.000, 1.000, 1.000, 1.000, 1.000, 0,
